00106
00156
00029
00185
00181
00007
00140
00004
00017
00037
00151
00073
00182
00110
00131
00149
00055
00040
00177
00114
00145
00179
00135
00070
00139
00058
00159
00064
00005
00027
00121
00125
00006
00196
00075
00074
00193
00056
00018
00113
00025
00083
00200
00136
00097
00041
00023
00192
00108
00178
00071
00076
00147
00043
00053
00012
00050
00048
00187
00087
00104
00160
00127
00126
00122
00059
00034
00129
00051
00088
00008
00015
00195
00030
00045
00042
00101
00197
00084
00080
00079
00099
00044
00057
00155
00168
00174
00109
00164
00107
00092
00150
00134
00180
00054
00061
00198
00086
00021
00001
00077
00020
00105
00091
00144
00130
00031
00082
00089
00141
00175
00052
00119
00100
00173
00090
00013
00123
00117
00038
00199
00009
00093
00152
00189
00186
00154
00157
00026
00146
00067
00165
00118
00124
00176
00191
00060
00128
00094
00112
